m_name: TestMonsterB_2
m_isEnabled: true
m_instanceID: 2535681594
m_fileGuid: 00000000-0000-0000-0000-000000000000
PrefabNode:
  - GameObject: 2166264123
    m_name: TestMonsterB_2
    m_isEnabled: true
    m_instanceID: 273638753
    m_transform:
      position: {x: 0, y: 0, z: 0, w: 1}
      rotation: {x: -0, y: 0, z: -0, w: 1}
      scale: {x: 1, y: 1.00000155, z: 1.00000155, w: 0}
      m_parentID: 0
    m_index: 3
    m_parentIndex: 0
    m_rootIndex: 0
    m_childrenIndices: ~
    m_prefabFileGuid: 10061f20-d1a8-5323-b795-18ac3508c7e9
    m_attachedSoketID: 0
    m_collisionType: 1
    m_isStatic: false
    m_gameObjectType: 0
    m_tag: Untagged
    m_layer: Default
    m_components:
      - RigidBodyComponent: 2204703439
        m_name: RigidBodyComponent
        m_isEnabled: true
        m_instanceID: 2853054808
        m_FileID: 00000000-0000-0000-0000-000000000000
        m_bodyType: 1
        LinearDamping: 0.00999999978
        m_mass: 70
        maxLinearVelocity: 1.00000003e+16
        maxAngularVelocity: 100
        maxContactImpulse: 1.00000003e+32
        maxDepenetrationVelocity: 1.00000003e+32
        m_useGravity: true
        m_setTrigger: false
        m_setKinematic: false
        m_collisionEnabled: true
      - CharacterControllerComponent: 939015310
        m_name: CharacterControllerComponent
        m_isEnabled: true
        m_instanceID: 78399135
        m_FileID: 00000000-0000-0000-0000-000000000000
        m_posOffset: {x: 0, y: 1.5, z: 0}
        m_rotOffset: {x: 0, y: 0, z: 0, w: 1}
        m_radius: 0.550000012
        m_height: 2
        m_fBaseSpeed: 0.0250000004
        m_fFinalMultiplierSpeed: 1
        m_rotationSpeed: 0.100000001
      - ModuleBehavior: 1399118904
        isAsisAction: false
        m_maxHP: 100
        m_enemyReward: 10
        m_moveSpeed: 0.0199999996
        m_chaseRange: 30
        m_rangeOutDuration: 2
        m_rangedAttackDamage: 10
        m_projectileDamegeRadius: 5
        m_projectileSpeed: 0.100000001
        m_projectileRange: 20
        m_projectileArcHeight: 5
        m_rangedAttackCoolTime: 2
        m_name: TestMonsterB
        m_isEnabled: true
        m_instanceID: 2171388735
        m_FileID: 00000000-0000-0000-0000-000000000000
        m_scriptGuid: 743f36a0-bbce-5055-bd12-682a814bab61
      - BehaviorTreeComponent: 1234464095
        m_name: BehaviorTreeComponent
        m_isEnabled: true
        m_instanceID: 3596020820
        m_FileID: 00000000-0000-0000-0000-000000000000
        name: TestBT_Test
        blackBoardName: Test
        m_BehaviorTreeGuid: 1ea9e160-3d0d-5ae3-b586-9285ebe08d93
        m_BlackBoardGuid: 569f798c-ddd6-5e23-857f-bdb08f6213b0